updating_duration: 3

x_p_gain: 0.00017
x_d_gain: 0.00000

y_p_gain: 0.00017
y_d_gain: 0.00000

